-0.00220774
0.00102857
0.000691407
0.000989761
-0.00113325
-0.0016291
-0.000457149
-0.00257841
0.000176129
-0.000252298
-0.000371379
-0.00045253
0.000408267
0.00188185
-0.001396
2.59209e-005
-0.000764481
-0.000508868
0.000741431
-0.000186926
0.00124246
-0.00124006
-0.000830351
-0.000997548
-0.000769266
-0.00014492
0.00141672
0.000798883
0.0010552
0.001747
0.000540863
-0.00116668
-0.000996325
-0.000487731
1.62795e-006
-0.00184064
0.000462153
-0.00213176
0.00104603
-0.000523837
0.000380207
-0.00132026
0.0023232
6.90343e-005
0.000527255
0.00130855
0.000943409
-4.87307e-005
-0.00130017
-0.000236566
-0.00100226
-0.00152429
0.000539735
9.11675e-005
-3.41685e-006
0.00129
0.000668762
0.000215169
-8.71704e-005
-0.000580847
-0.0010685
0.000844161
-0.00146225
0.00139463
2.61073e-005
0.000194961
-0.000814022
-0.000826241
0.000523993
-0.000789602
-0.00163292
0.00141759
-0.000348072
-0.000792309
-5.29719e-005
-0.00184409
0.000679892
-0.000495383
0.000920873
0.00164244
0.000971568
-0.000947163
0.000712508
0.000411532
0.000360288
0.000876403
-0.000404231
-0.00107602
-0.0016012
-0.00109686
-0.000386638
-0.00123428
0.00206355
0.00225226
0.000442063
0.000499245
0.00104764
-0.000930893
-0.000589603
0.000915163
0.00104364
-0.000957445
-0.000409826
-0.000511928
-0.000422501
-0.00100599
0.000736538
0.000876083
-0.000282606
-0.00108547
-0.000714677
-0.000661893
0.000930432
0.00186338
-0.00016781
0.000483902
0.00037839
0.000818193
0.00135393
-0.00106984
-0.000883371
-0.000947255
0.00193461
0.000996022
0.000432089
-0.00191088
-0.000227044
-0.000257429
0.000127104
0.00111567
-0.00152577
0.00125557
-0.00170683
-0.000620987
0.000398355
-0.000843097
0.000852586
0.000645474
-0.000661533
-0.00119415
-0.00145675
-0.00144271
-0.00113445
0.000387915
-0.000119708
-0.000122424
-0.00243264
-0.000284975
-0.00147243
0.000550774
-8.25412e-005
0.000974341
-0.000303568
0.000750828
0.000174705
0.000214135
0.00152304
-0.0001441
0.000722684
0.000121697
0.000732957
0.000473435
-0.000967323
-0.00108577
0.000994594
0.00190205
-0.000222936
0.00043578
0.00209293
-0.00106773
0.00078764
-0.000862369
0.00098841
-0.000612955
-0.000331793
-2.72254e-005
-0.000236913
-0.00136138
-0.000143402
-9.27899e-005
-0.00145895
-0.000925622
-0.000690735
0.00037977
-0.000743016
-0.000190342
0.00155936
0.000611259
-0.00023889
0.000904721
-0.00019125
0.000813256
-0.00189077
-0.000456278
0.00206637
0.00142631
0.000495645
0.000374731
0.000132925
9.51994e-005
-0.000288465
0.00165317
0.0014117
0.000808652
0.00028414
0.000305371
0.000472723
-0.00197703
0.00174655
0.000844227
-0.00169654
0.000524104
-0.00118083
-0.000633871
-0.00101912
1.74778e-005
0.000969393
-0.00214905
-0.000183449
0.00153693
0.000744584
0.00173126
0.000570381
0.00108689
-0.000333428
0.000271597
0.000115951
-0.00116577
-0.0011936
0.00104534
-0.000910472
-0.00125704
-0.00106904
0.00199904
-0.000713353
0.00127195
0.000873917
-0.00164598
-0.0017574
0.00026973
0.000443337
-0.000591426
-0.00177702
-2.80593e-005
0.0011494
0.00115831
-0.00107794
-0.00133461
0.000189586
6.56888e-005
0.000552366
-0.00151212
0.000202092
-0.00136834
-0.000850123
0.000185192
0.00149654
0.00081311
0.00145232
-0.00112148
0.000699953
0.000524006
-0.000824493
0.00112334
-0.000423706
0.00169575
0.00089207
0.00033242
-0.000403321
-0.000369624
0.000145156
-0.000874138
-0.000686956
0.000156073
-0.000140719
-0.00106366
-0.00154735
0.000101835
0.000677427
-0.000522015
-0.00193997
0.00141191
-0.00116005
-0.00142291
-0.000449775
-0.000791442
-0.00112706
0.000314268
9.66956e-005
-0.000950652
-0.00111846
-0.00130887
-0.00216065
1.14669e-005
-0.00174705
-0.000949007
7.06722e-005
-0.000781628